<?xml version="1.0" encoding="UTF-8" standalone="no"?>
<svg
   xmlns:dc="http://purl.org/dc/elements/1.1/"
   xmlns:cc="http://creativecommons.org/ns#"
   xmlns:rdf="http://www.w3.org/1999/02/22-rdf-syntax-ns#"
   xmlns:svg="http://www.w3.org/2000/svg"
   xmlns="http://www.w3.org/2000/svg"
   xmlns:sodipodi="http://sodipodi.sourceforge.net/DTD/sodipodi-0.dtd"
   xmlns:inkscape="http://www.inkscape.org/namespaces/inkscape"
   version="1.0"
   width="512.000000pt"
   height="512.000000pt"
   viewBox="0 0 512.000000 512.000000"
   preserveAspectRatio="xMidYMid meet"
   id="svg226"
   sodipodi:docname="icon3.svg"
   inkscape:version="0.92.5 (2060ec1f9f, 2020-04-08)">
  <defs
     id="defs230">
    <clipPath
       clipPathUnits="userSpaceOnUse"
       id="clipPath511">
      <rect
         id="rect513"
         width="3016.8474"
         height="2930.7939"
         x="1105"
         y="-3917"
         style="stroke-width:6.20580244"
         transform="scale(1,-1)" />
    </clipPath>
  </defs>
  <sodipodi:namedview
     pagecolor="#ffffff"
     bordercolor="#666666"
     borderopacity="1"
     objecttolerance="10"
     gridtolerance="10"
     guidetolerance="10"
     inkscape:pageopacity="0"
     inkscape:pageshadow="2"
     inkscape:window-width="1920"
     inkscape:window-height="964"
     id="namedview228"
     showgrid="false"
     inkscape:zoom="0.34570313"
     inkscape:cx="-11.57062"
     inkscape:cy="326.87006"
     inkscape:window-x="1280"
     inkscape:window-y="27"
     inkscape:window-maximized="1"
     inkscape:current-layer="svg226" />
  <metadata
     id="metadata2">
Created by potrace 1.16, written by Peter Selinger 2001-2019
<rdf:RDF>
  <cc:Work
     rdf:about="">
    <dc:format>image/svg+xml</dc:format>
    <dc:type
       rdf:resource="http://purl.org/dc/dcmitype/StillImage" />
    <dc:title></dc:title>
  </cc:Work>
</rdf:RDF>
</metadata>
  <g
     inkscape:groupmode="layer"
     id="layer1"
     inkscape:label="Layer 1"
     style="display:none"
     sodipodi:insensitive="true" />
  <path
     style="fill:#000000;stroke:none;stroke-width:0.17496349"
     inkscape:connector-curvature="0"
     id="path64"
     d="m 190.09952,170.59111 c -1.49999,2.02041 -1,2.20409 2.33332,1.46939 3.83332,-0.73469 27.16656,2.20409 34.66653,4.59186 1.49999,0.36734 2.83332,0 2.83332,-0.91838 0,-1.83674 -26.16656,-7.71431 -33.8332,-7.71431 -2.16665,0 -4.99997,1.10205 -5.99997,2.57144 z" />
  <path
     style="fill:#000000;stroke:none;stroke-width:0.17496349"
     inkscape:connector-curvature="0"
     id="path66"
     d="m 413.26525,282.63232 c 0,0.91837 44.33315,45.00015 49.16646,48.85731 7.49997,5.87757 -9.66662,-12.67351 -27.99988,-30.4899 -18.16659,-17.63272 -21.16658,-20.38783 -21.16658,-18.36741 z" />
  <path
     style="fill:#000000;stroke:none;stroke-width:0.23328465"
     d="M 589.6875 10.964844 C 588.35417 10.964844 576.79747 18.801703 564.13086 28.597656 C 485.46452 88.352973 409.68725 143.20922 402.57617 145.6582 C 376.7985 154.47456 343.91059 169.16907 342.13281 172.59766 C 340.57727 175.78134 342.79931 180.9239 351.02148 194.14844 C 357.24368 203.45458 362.13281 212.02703 362.13281 212.76172 C 362.13281 214.47601 361.68746 214.47532 296.79883 205.41406 L 252.57812 199.29102 L 244.13281 205.6582 C 231.91064 214.96436 186.13302 257.82273 183.24414 262.7207 C 181.68859 264.92478 177.46723 275.20915 173.68945 285.25 C 169.91169 295.29085 154.13405 334.96495 138.80078 373.41406 C 123.46751 411.86318 110.13346 444.67949 109.4668 446.63867 C 106.57792 453.98565 117.24488 444.1901 136.57812 421.9043 C 147.68929 409.41446 170.3549 379.29185 187.02148 355.04688 C 203.68808 330.80179 219.46572 308.76149 221.91016 306.3125 C 226.35458 301.90431 226.80044 302.14853 246.57812 319.78125 C 257.46707 329.5772 266.57617 338.39421 266.57617 339.12891 C 266.57617 340.10849 254.35562 351.12853 239.4668 363.86328 C 197.02253 400.10831 187.4659 409.16891 179.02148 423.37305 C 174.57707 430.72001 165.91121 443.4559 159.4668 452.02734 C 153.02238 460.3539 146.13323 471.3747 144.35547 476.51758 C 142.35547 481.66044 128.13371 500.27224 110.57812 520.84375 C 93.911578 539.94586 76.355665 561.25212 71.466797 568.10938 C 56.800191 588.43598 24.134541 640.84388 25.023438 642.06836 C 25.6901 642.55816 29.911478 641.33299 34.578125 639.12891 C 39.466993 636.92481 50.799519 634.23232 60.132812 633.00781 C 73.24388 631.29352 82.132444 628.10976 97.910156 619.7832 C 134.57667 600.4362 180.13218 571.5384 237.6875 531.375 C 255.46519 518.88516 272.3557 507.86437 275.4668 506.88477 C 278.5779 505.90517 296.35491 499.04815 315.02148 491.70117 L 348.79883 477.98633 L 358.13281 481.9043 C 369.24388 486.80227 365.02103 489.49652 411.6875 448.35352 C 431.02075 431.45549 447.68816 417.49609 449.02148 417.49609 C 450.35482 417.49609 455.46508 414.3129 460.57617 410.39453 C 465.68725 406.72105 473.2422 401.57713 477.24219 399.37305 C 484.57549 395.20977 484.79757 395.20956 492.13086 401.33203 C 505.46414 412.59738 507.02124 415.04689 503.91016 419.45508 C 496.13241 429.74083 421.90937 499.53825 388.57617 528.19141 C 358.5763 553.90578 351.46529 561.00684 353.6875 563.21094 C 357.24303 566.88442 374.79908 571.7832 383.91016 571.7832 C 387.46569 571.7832 416.35473 563.45567 447.91016 553.16992 C 503.46548 535.0474 542.57682 522.80273 543.91016 522.80273 C 544.00382 522.80273 543.35997 523.51213 542.37305 524.54688 L 557.60156 519.59766 L 557.91016 519.375 C 559.15362 518.00463 573.86821 513.35656 582 511.66797 L 614.75977 501.01953 C 615.22011 500.60405 615.62668 500.23877 616.13086 499.7832 C 624.37018 492.22748 630.39452 486.7454 635.0957 482.94141 L 650.91602 468.87891 C 647.40061 468.40362 648.68946 464.49922 653.6875 460.59766 C 654.72787 459.7638 655.80673 459.06236 656.86328 458.48438 L 656.86328 444.23633 C 651.3914 444.47267 642.81527 437.51887 625.6875 419.45508 C 600.79871 393.00601 599.90891 390.06825 613.24219 372.43555 C 623.68659 358.72121 624.13125 354.31214 616.35352 346.23047 C 611.46464 341.3325 610.7971 338.8832 611.9082 330.55664 C 613.24152 321.00559 612.79704 320.27053 599.9082 306.06641 L 586.57617 291.61914 L 592.79883 284.02734 C 596.35436 280.10896 602.13197 272.27059 605.6875 266.88281 C 622.13189 242.14803 623.68659 231.37417 613.24219 218.39453 L 606.79883 210.06641 L 621.01953 194.63867 C 629.0195 185.82232 635.46484 177.00608 635.46484 175.04688 C 635.46484 170.39371 627.46526 160.35352 623.6875 160.35352 C 622.35417 160.35352 611.90947 170.39297 600.57617 182.88281 L 580.13086 205.41406 L 571.9082 201.25 C 561.90824 195.86223 559.6876 196.59818 532.79883 214.7207 L 511.46484 228.92383 L 501.24219 222.3125 C 495.68665 218.39411 491.24371 214.23034 491.02148 213.00586 C 491.02148 211.53646 494.57706 207.86219 499.02148 204.43359 C 515.02142 192.43357 516.79878 180.92408 504.79883 166.96484 L 498.79883 159.86328 L 506.57617 152.51562 C 510.79839 148.59724 526.57645 134.39251 541.6875 121.16797 C 562.5763 102.55566 573.90827 90.066285 589.9082 68.025391 C 601.46371 52.106967 611.01953 37.414269 611.01953 35.455078 C 611.01953 31.291798 593.24305 10.964844 589.6875 10.964844 z M 587.9082 20.759766 C 589.24152 20.759766 591.68664 22.474403 593.24219 24.433594 C 596.79772 29.086671 598.79781 27.128289 564.35352 53.822266 C 517.02037 90.801988 511.24215 96.188375 501.24219 113.57617 C 479.02005 151.7804 466.5769 165.74015 433.02148 189.74023 L 401.6875 212.27148 L 394.13281 203.20898 C 389.91061 198.0661 386.57617 193.65896 386.57617 193.41406 C 386.57617 192.92426 391.90909 189.00583 398.35352 184.59766 C 417.90898 170.88331 444.57639 150.06749 443.6875 149.08789 C 440.57641 145.65932 388.79789 179.69909 374.35352 194.88281 L 367.6875 201.74023 L 359.24414 189.25 C 354.35526 181.90304 351.68772 175.78113 352.79883 174.55664 C 353.90993 173.33216 368.79869 166.96503 385.6875 160.59766 C 416.35405 148.84251 417.02042 148.59698 476.35352 104.02539 C 509.24226 79.535514 547.24332 50.638072 560.79883 40.107422 C 574.35432 29.576774 586.57488 21.004664 587.9082 20.759766 z M 601.01953 35.699219 C 602.35286 35.699219 600.79861 37.658869 597.6875 40.597656 C 594.57641 43.291543 575.68698 58.965262 555.46484 75.863281 C 532.35383 94.965388 515.90883 110.39283 511.24219 117.25 C 507.2422 123.61737 503.68663 128.51571 503.24219 128.51562 C 502.57552 128.51562 505.4653 122.39264 509.6875 114.80078 C 515.9097 102.80074 521.9103 97.168787 557.91016 68.515625 C 580.3545 50.638011 599.90842 35.944117 601.01953 35.699219 z M 574.79883 72.189453 C 575.68771 72.189453 573.90992 75.128057 570.79883 78.556641 C 565.02107 85.658705 487.9097 154.23006 481.6875 158.14844 C 473.90975 162.80152 478.1309 156.43398 488.13086 148.10742 C 493.90862 143.45434 505.46531 132.67888 513.6875 124.10742 C 528.35411 109.41349 572.13216 72.189453 574.79883 72.189453 z M 488.64648 171.63672 C 492.39647 171.60232 500.0215 173.39371 501.02148 175.04688 C 501.46594 176.02648 499.24348 176.2718 495.91016 175.53711 C 491.02129 174.55751 490.35439 175.04635 492.79883 177.74023 C 494.13216 179.45453 495.46484 182.14855 495.46484 183.37305 C 495.46484 186.06693 486.79839 175.0474 486.57617 172.35352 C 486.57617 171.86372 487.3965 171.6482 488.64648 171.63672 z M 471.24219 172.59766 C 471.90885 172.59766 475.24285 175.78083 478.57617 179.69922 L 485.02148 187.04688 L 458.79883 205.6582 C 444.35444 215.94395 431.46613 225.00631 430.13281 225.49609 C 428.57725 226.23079 424.79816 223.53557 421.46484 219.61719 L 415.24219 212.51562 L 442.57617 192.67969 C 457.68721 181.65923 470.57552 172.84255 471.24219 172.59766 z M 626.14844 172.73047 C 626.8006 172.7318 625.89453 174.29634 623.01953 177.74023 C 618.57512 183.12801 594.35436 204.67884 588.79883 208.10742 C 587.02105 209.33192 590.7982 204.67866 597.46484 198.06641 C 612.63839 182.92859 624.4818 172.72599 626.14844 172.73047 z M 562.13086 206.88281 C 563.90863 206.88281 567.68729 208.84202 570.57617 211.29102 C 576.79837 216.67878 577.46406 215.94402 546.13086 239.69922 L 524.79883 255.86328 L 520.13086 249.49609 C 517.46421 245.82261 515.46484 242.14952 515.46484 241.16992 C 515.46484 236.27195 555.46422 206.88281 562.13086 206.88281 z M 258.79883 209.33203 C 262.35437 209.33203 278.57776 211.53659 294.35547 214.23047 C 310.3554 216.92436 324.7984 219.12891 326.57617 219.12891 C 328.35395 219.12891 325.91057 223.53692 320.13281 229.9043 L 310.57617 240.43359 L 318.13281 241.9043 C 322.1328 242.63898 336.35379 245.33303 349.46484 247.53711 C 368.13143 250.9657 372.79839 252.43459 370.57617 254.63867 C 369.02063 256.10807 356.13232 267.61835 341.91016 279.86328 L 315.91016 302.14844 L 300.79883 290.39453 C 292.35443 284.02716 277.46523 272.51645 267.6875 264.67969 C 257.90975 256.84293 248.57704 249.7398 247.02148 249.25 C 243.46595 247.53571 242.13314 249.49579 216.35547 291.86328 C 191.24445 333.74098 145.91183 401.08776 132.80078 416.27148 C 131.68967 417.49598 134.13326 409.90445 138.35547 399.12891 C 142.57767 388.35336 155.02218 355.78087 166.35547 326.88281 C 177.46652 297.98474 187.91125 271.53601 189.4668 268.10742 C 191.02236 264.67884 205.68844 250.23104 222.13281 235.53711 C 245.46605 214.96562 253.46552 209.33203 258.79883 209.33203 z M 605.24219 219.12891 C 605.68663 219.12891 607.46398 221.08692 609.01953 223.29102 C 611.90841 227.20939 611.68684 227.45518 608.35352 224.27148 C 604.57574 221.0878 603.46441 219.12891 605.24219 219.12891 z M 587.9082 221.57812 C 588.35264 221.57812 591.24241 226.47474 594.35352 232.10742 C 597.4646 237.98498 599.9082 243.86264 599.9082 245.33203 C 599.9082 247.53612 588.13204 258.06708 558.79883 281.82227 L 552.13086 287.21094 L 543.01953 273.00586 L 533.6875 259.04688 L 548.57617 248.51562 C 563.90945 237.25028 587.01932 221.57822 587.9082 221.57812 z M 491.02148 226.47461 C 491.68815 226.47461 495.90866 230.63914 500.13086 235.53711 C 511.90859 249.25144 517.6875 258.55786 517.6875 263.21094 C 517.6875 265.90482 510.57547 272.76133 499.24219 281.08789 C 474.57561 299.4553 475.02081 299.20959 467.6875 288.92383 L 461.6875 280.10742 L 466.35352 275.21094 C 473.24237 268.10886 472.13125 266.88338 464.35352 273.00586 C 457.68688 278.14873 455.90945 277.90305 444.57617 268.8418 C 442.57617 267.3724 452.79934 256.84237 471.02148 242.14844 C 481.4659 233.57698 490.35482 226.47461 491.02148 226.47461 z M 404.91016 226.7207 C 406.18793 226.7207 406.90974 227.45444 407.6875 228.92383 C 408.57639 230.39323 406.13194 231.37381 401.6875 231.12891 C 395.68753 231.12891 395.02107 230.63812 398.79883 228.92383 C 401.79881 227.45444 403.63237 226.7207 404.91016 226.7207 z M 455.09961 243.81445 C 455.39796 243.90112 455.11908 244.66014 454.35352 246.06641 C 453.68685 247.2909 450.79947 249.74154 448.13281 251.21094 C 443.91061 253.41502 443.90996 253.16991 448.79883 248.76172 C 452.29881 245.59335 454.25244 243.97441 454.93555 243.81836 C 455.00195 243.80316 455.05701 243.80219 455.09961 243.81445 z M 444.48438 258.43945 C 444.92058 258.54852 443.49346 260.08847 439.91016 263.21094 C 436.79905 265.90482 433.68771 268.10742 432.79883 268.10742 C 428.13217 268.10742 432.1322 272.27107 440.79883 276.18945 C 446.35436 278.63844 455.02129 285.74081 459.91016 291.86328 L 469.24219 302.88281 L 463.02148 309.98633 L 457.02148 317.08789 L 445.02148 302.63867 C 437.24374 293.08763 429.90883 286.72122 423.24219 284.02734 L 413.46484 279.86328 L 428.13281 269.08789 C 437.85499 262.04705 443.75729 258.25769 444.48438 258.43945 z M 381.85352 278.08789 C 387.90905 278.14909 393.46615 278.76124 394.13281 279.86328 C 394.79948 281.08779 392.35393 283.78148 388.57617 286.23047 C 383.02064 289.90395 381.02059 289.90406 374.57617 287.45508 C 367.24286 284.51629 366.1321 285.00615 348.79883 296.27148 C 315.02119 318.80219 259.68925 366.55743 238.57812 391.53711 C 219.24488 414.0678 217.90967 415.04635 205.6875 417.74023 C 198.57642 419.20963 192.3546 419.70074 191.91016 419.21094 C 190.79905 417.98644 215.68891 394.96644 244.35547 370.47656 C 282.13308 338.63972 355.02066 284.27222 366.57617 279.61914 C 369.24283 278.5171 375.79798 278.02666 381.85352 278.08789 z M 527.74219 278.40625 C 528.41927 278.39692 528.79883 278.85307 528.79883 279.86328 C 528.79883 280.84288 523.68704 287.21 517.46484 293.82227 C 511.24264 300.67943 503.24305 312.43549 499.6875 320.02734 C 493.4653 333.74169 492.35385 334.72066 470.57617 346.7207 C 443.90961 361.41464 445.46561 356.27226 472.79883 339.61914 C 489.2432 329.5783 492.13262 326.63883 497.02148 315.86328 C 503.63258 301.2918 523.00261 278.46986 527.74219 278.40625 z M 402.58789 286.625 C 408.03416 286.50793 414.9373 288.63455 422.57617 292.84375 C 432.13169 298.23152 445.68664 312.92484 447.24219 319.53711 C 448.57552 324.92488 441.24281 336.67969 436.57617 336.67969 C 435.02061 336.67969 433.2424 334.23056 432.35352 331.04688 C 429.68685 319.29163 418.13211 305.57818 404.79883 297.98633 C 392.35444 291.37406 391.68839 290.63844 396.13281 288.18945 C 397.93836 287.19455 400.1123 286.67821 402.58789 286.625 z M 385.02148 297.49609 C 387.2437 297.49609 394.35486 300.19055 401.02148 303.61914 C 413.91032 310.4763 418.79837 315.37383 416.57617 319.53711 C 415.68729 321.0065 400.57654 335.45505 382.79883 351.86328 C 365.02112 368.2715 351.46551 382.23092 352.79883 382.7207 C 354.13216 383.2105 369.02134 371.4549 385.91016 357.00586 C 402.79897 342.31194 417.90974 329.3331 419.6875 328.35352 C 424.13194 325.16982 426.57617 331.29121 426.57617 345.74023 L 426.57617 358.47656 L 388.35352 389.33203 L 349.91016 420.43555 L 337.91016 392.51758 C 325.02132 362.88482 323.46487 353.33262 329.46484 343.04688 C 334.57594 334.72022 379.68818 297.74099 385.02148 297.49609 z M 560.13086 299.94531 C 561.01974 299.94531 565.01997 304.10909 569.24219 309.25195 C 576.79771 318.55811 577.02018 319.29192 578.35352 345.49609 C 579.2424 360.19001 579.24285 374.394 578.57617 377.08789 C 577.24285 382.47565 591.90987 399.12899 627.6875 433.16992 C 637.46523 442.47608 645.68642 451.04776 646.13086 452.02734 C 646.5753 453.25185 636.57482 461.33328 623.9082 470.39453 C 598.7972 488.51705 608.79788 484.59853 486.57617 522.80273 C 455.46518 532.3538 417.68721 544.84465 402.57617 550.23242 C 369.90964 561.74268 363.24419 561.74268 377.24414 550.23242 C 382.57745 545.82425 386.35374 543.37436 385.46484 544.84375 C 382.79819 549.49683 397.46517 540.19108 424.57617 520.10938 C 454.79827 497.57859 452.13111 498.80337 512.13086 476.51758 C 537.90853 466.96652 560.13238 458.39408 561.91016 457.9043 C 566.5768 455.94511 559.02024 448.10821 521.46484 415.04688 L 488.79883 386.14844 L 495.91016 379.78125 C 499.91013 376.35266 504.13152 374.63955 505.46484 375.61914 C 506.57595 376.59874 527.02027 394.72116 550.35352 416.02734 L 593.24219 454.47656 L 599.9082 449.33398 C 607.90816 442.96662 608.3537 441.49666 601.46484 443.21094 C 597.24264 444.43543 591.02116 439.53676 565.91016 415.04688 C 549.24356 398.63855 535.46484 384.92415 535.46484 384.18945 C 535.46484 383.45476 537.46421 381.00563 540.13086 378.55664 C 544.79751 374.39336 544.7979 374.39393 532.35352 363.86328 L 519.6875 353.08789 L 525.91016 348.67969 C 529.24348 345.98579 533.24285 344.02734 534.57617 344.02734 C 535.90951 344.02734 545.68646 351.12895 556.13086 359.94531 C 566.79749 368.76167 575.90952 375.86328 576.57617 375.86328 C 580.79839 375.86328 574.57501 368.27148 553.01953 347.45508 L 528.57617 323.45508 L 533.6875 318.80273 C 541.02081 312.19047 558.35309 299.94531 560.13086 299.94531 z M 585.9082 304.84375 C 586.79708 304.84375 591.24156 309.00631 595.9082 313.9043 C 602.79706 321.25124 604.35352 324.68038 604.35352 332.02734 C 604.35352 337.17022 605.46549 344.27107 606.79883 348.18945 C 609.02104 354.55681 608.57569 355.78218 598.35352 365.57812 L 587.6875 376.10938 L 586.35352 369.25195 C 584.35352 359.7009 583.9082 304.84375 585.9082 304.84375 z M 305.91016 356.27148 C 307.4657 356.27148 308.79883 357.98536 308.79883 360.18945 C 308.79883 362.14864 307.90993 363.37338 306.79883 362.63867 C 305.68772 361.90398 303.4657 363.12794 301.91016 365.33203 C 300.13238 367.53612 299.91081 368.76085 301.24414 367.78125 C 302.79969 366.80165 305.46572 370.23171 307.91016 376.10938 C 311.91014 386.15023 311.90948 386.14947 306.57617 397.16992 C 301.46508 407.70058 278.79991 431.69975 276.35547 429.00586 C 275.6888 428.27117 280.3555 422.63886 286.35547 416.27148 C 292.57767 409.65922 299.91103 400.84253 302.35547 396.18945 C 307.02212 388.10779 307.02234 387.37462 303.4668 379.29297 C 298.80014 368.27252 297.24446 369.00539 269.4668 401.33203 L 247.24414 427.04688 L 240.13281 418.96484 L 233.24414 411.12891 L 247.02148 398.63867 C 263.68808 383.69984 301.91017 356.27148 305.91016 356.27148 z M 431.20508 392 C 431.32281 391.97973 431.4093 391.98934 431.46484 392.02734 C 432.57595 392.76205 429.68814 396.68047 425.02148 400.84375 C 412.5771 411.8642 397.46505 422.8839 396.57617 421.9043 C 395.06923 420.48082 427.55693 392.62625 431.20508 392 z M 214.35547 424.84375 C 215.46658 425.08866 214.57681 426.80297 211.91016 429.25195 C 209.46572 431.45605 201.02276 438.55842 193.68945 444.92578 C 186.13393 451.53805 179.91016 457.66027 179.91016 458.88477 C 179.91016 462.06845 197.91017 476.27148 201.91016 476.27148 C 203.91016 476.27148 216.79888 470.14971 230.79883 462.80273 C 244.57655 455.45577 254.79969 450.80252 253.24414 452.76172 C 249.68859 457.65969 206.57789 481.16992 201.4668 481.16992 C 199.24458 481.16992 193.02233 477.74149 187.4668 473.57812 C 176.80017 465.49646 173.0221 464.51628 164.35547 467.45508 L 158.79883 469.41406 L 163.24414 464.51758 C 169.68855 457.1706 211.46659 424.84375 214.35547 424.84375 z M 510.58398 427.58984 C 511.09093 427.53624 511.0208 428.14991 510.57617 429.25195 C 509.68729 431.94585 463.46588 477.25212 455.02148 484.10938 C 447.02152 490.23184 446.7993 486.06734 455.02148 479.45508 C 458.3548 476.76118 471.91043 464.02728 485.02148 450.80273 C 502.35475 433.90473 509.06316 427.75056 510.58398 427.58984 z M 321.02148 439.53711 C 322.13259 439.53711 320.79859 441.74165 317.6875 444.43555 C 305.68754 454.9662 200.57657 541.90508 194.79883 546.06836 C 191.46551 548.51735 188.13391 549.98665 187.68945 549.25195 C 186.35613 548.02746 318.13262 439.53711 321.02148 439.53711 z M 329.98828 449.58789 C 330.71799 449.62802 331.02148 450.22154 331.02148 451.29297 C 331.02148 453.25217 312.57767 467.94458 304.35547 472.59766 C 299.24439 475.53644 305.68754 468.43614 317.6875 458.15039 C 324.71525 452.08914 328.38293 449.49977 329.98828 449.58789 z M 155.68945 491.21094 L 161.02148 491.21094 L 155.91016 493.66016 C 153.02128 494.88464 140.57721 506.63984 128.13281 520.10938 L 105.4668 544.35352 L 113.91016 546.06836 C 121.91012 547.78264 122.57755 547.29233 141.24414 527.94531 C 163.02183 505.16973 178.57836 492.6798 183.68945 493.9043 C 185.91168 494.39408 176.35593 504.92557 156.57812 523.29297 L 126.13281 552.19141 L 114.13281 550.7207 C 104.13285 549.25132 101.24456 549.74177 97.466797 553.66016 C 93.022371 558.06833 93.02129 558.31317 107.91016 561.25195 C 120.13233 563.70094 123.68926 563.70094 126.57812 561.25195 C 128.356 559.29277 142.35619 546.31274 157.68945 532.35352 C 173.02272 518.14937 187.02105 505.66004 188.79883 504.43555 C 206.13208 492.92529 120.13315 573.98643 96.355469 591.61914 C 69.244471 611.70083 46.577904 626.63932 45.466797 625.16992 C 43.911249 623.70054 66.133535 589.66035 83.466797 566.88477 C 107.4667 535.04792 149.68948 490.96604 155.68945 491.21094 z M 451.02148 491.21094 C 456.13258 491.21094 456.35349 491.4565 452.35352 494.15039 C 450.13129 495.86468 434.57674 507.37344 417.91016 519.86328 C 397.4658 535.29191 390.79865 539.21068 397.6875 532.35352 C 416.79854 513.2514 445.24374 490.96604 451.02148 491.21094 z "
     transform="scale(0.74999998)"
     id="path62" />
</svg>
